# Final output (logits)
# Size: 1000 values
# Shape: (1, 1000)
# Dtype: float32
#
2.38130259513855
8.513944625854492
1.5622769594192505
1.9497766494750977
5.767997741699219
3.101989507675171
2.2020421028137207
-0.09557511657476425
-0.020144077017903328
-0.8078576922416687
-0.5595098733901978
-0.6311554312705994
-1.571540355682373
-0.8457716703414917
-0.626336395740509
-1.3698867559432983
-0.6700162887573242
-0.9227122664451599
-0.7549271583557129
-0.19094215333461761
-0.12000802159309387
0.7768241763114929
-0.8383824825286865
-0.18491289019584656
-0.43434393405914307
0.0071448697708547115
0.9921022057533264
0.12725582718849182
-0.8161877393722534
4.712225914001465
-0.3972153663635254
1.705281376838684
0.568881094455719
1.5261751413345337
1.3930765390396118
-1.2022002935409546
0.30468353629112244
-2.2710509300231934
1.38535475730896
-1.6521000862121582
0.7775356769561768
-1.281911849975586
-0.550259530544281
-1.5873011350631714
-1.4697588682174683
-1.6461693048477173
-0.46253010630607605
-1.1034226417541504
-1.1411322355270386
0.6741288900375366
-0.0003203802043572068
0.7218737602233887
0.13190366327762604
0.392399400472641
-0.0215186458081007
-0.09275494515895844
-1.185431718826294
-2.4743900299072266
1.7343825101852417
1.5705784559249878
0.778078556060791
-0.14614145457744598
0.0824323371052742
-0.15019197762012482
-0.44462326169013977
2.229773998260498
2.0793044567108154
0.23256327211856842
0.5761356949806213
-0.21907491981983185
-1.7775870561599731
-0.8144686222076416
-1.3049346208572388
-0.8909237384796143
-0.989034116268158
-1.0143277645111084
-0.9165695309638977
-1.0166072845458984
-1.3033921718597412
0.8975606560707092
-0.26749902963638306
-0.34445399045944214
-1.3545185327529907
-1.4738625288009644
-1.1530659198760986
-1.0475071668624878
-1.369968056678772
-1.1438342332839966
0.5307336449623108
3.205659866333008
-1.4763001203536987
-1.7969478368759155
0.30378565192222595
-0.6972394585609436
1.9166618585586548
-0.7829063534736633
0.34285423159599304
0.3009073734283447
-2.0278892517089844
0.7422598600387573
-0.3811739981174469
-0.9020543098449707
-1.8127565383911133
1.2503457069396973
0.7843502163887024
-1.126064658164978
0.07356686890125275
5.183075428009033
5.143847942352295
0.7741699814796448
5.744262218475342
2.8265466690063477
6.561133861541748
2.2739784717559814
2.3977746963500977
7.967936992645264
1.092972755432129
3.466742992401123
-0.738404393196106
-0.2519254982471466
1.8445459604263306
0.5439053773880005
-1.4012035131454468
-2.0490529537200928
0.6179929375648499
0.06975920498371124
1.8865079879760742
-0.7209612727165222
-1.7818326950073242
2.5805416107177734
2.659918785095215
0.4918047785758972
3.988105297088623
0.7887657284736633
1.1963101625442505
-1.4395768642425537
-1.0388990640640259
-0.7798926830291748
-0.151035875082016
0.0047258613631129265
0.73979252576828
-0.2200745940208435
-0.5936322808265686
-0.2660207748413086
1.3097552061080933
0.28530174493789673
1.3440136909484863
-0.5539968609809875
-0.23491841554641724
1.3532097339630127
1.352640151977539
-0.573036253452301
0.1450861245393753
-1.0585683584213257
-1.437637209892273
-1.2827588319778442
0.06401170790195465
0.4091971516609192
-0.54083651304245
-0.2771044373512268
0.34525761008262634
0.7029398679733276
0.2341451197862625
0.6803693175315857
-0.4175768792629242
0.9363717436790466
0.47702595591545105
1.0893621444702148
-0.24230872094631195
1.1979397535324097
-0.25432246923446655
-0.5206126570701599
0.7321510314941406
1.8576939105987549
-0.5972269773483276
-0.051526155322790146
1.1293904781341553
-0.36091965436935425
-0.17232798039913177
-1.399870753288269
-1.1381858587265015
-1.1978086233139038
-1.8763563632965088
0.5532116293907166
-0.15184742212295532
-1.6470898389816284
-1.3226567506790161
-0.7459570169448853
-0.9327991008758545
-0.27760422229766846
0.3682198226451874
0.25023746490478516
0.03467049077153206
-0.7088302373886108
-0.7981690168380737
-2.1925458908081055
-0.9802529215812683
0.058371663093566895
-0.2827130854129791
0.5558526515960693
0.26429885625839233
-0.7015167474746704
-0.21131622791290283
0.18913190066814423
-0.5624619722366333
-0.5987322330474854
-0.3376840353012085
-0.26243072748184204
0.460525780916214
-1.1173914670944214
-1.3156126737594604
-0.38675880432128906
1.8071247339248657
-0.747653603553772
0.8370901346206665
0.765359103679657
0.506899893283844
-0.9349749684333801
-0.03185701370239258
0.003532335627824068
-0.09982138872146606
-1.2392436265945435
-0.12728825211524963
0.21313680708408356
0.5144551992416382
0.007945184595882893
0.46735209226608276
-0.9921853542327881
-0.7177249789237976
-0.8929541110992432
0.3791881501674652
0.012147258035838604
-1.3085447549819946
0.44599512219429016
-0.39238494634628296
-0.08613748103380203
0.8207430243492126
-0.5179064869880676
0.7266271710395813
0.28406423330307007
0.02264435775578022
-0.5031724572181702
-0.4356597065925598
-0.2555159330368042
-0.48286113142967224
-1.0942981243133545
2.0793497562408447
-0.09113723039627075
-1.0597331523895264
-0.5208849310874939
-0.5170711874961853
0.8749797344207764
-0.4804130494594574
0.14404702186584473
-1.5231503248214722
-0.21238833665847778
-0.4998568594455719
-0.4811628460884094
-0.41272249817848206
-0.33207079768180847
-0.7724722623825073
-0.477975070476532
-1.243237018585205
-0.7857010364532471
-0.8057365417480469
-1.2670204639434814
-1.4017558097839355
-0.6873279213905334
-1.3065317869186401
0.15380363166332245
0.6580151319503784
0.17406010627746582
-0.30443936586380005
0.6463407278060913
-0.11595998704433441
0.5034670233726501
1.3764287233352661
1.27130925655365
0.6368449926376343
0.7260175347328186
0.7485731840133667
-0.21455147862434387
0.2700009047985077
-0.3883479833602905
-0.0006961884791962802
0.1401911973953247
-0.8352179527282715
-0.6328721046447754
-0.23106926679611206
0.47440105676651
-0.6912267208099365
-1.7310277223587036
-0.9035508036613464
-1.0753545761108398
-1.3220783472061157
-0.8834848403930664
-0.5201572179794312
-1.0635560750961304
-0.4933391213417053
1.4230997562408447
-3.423214912414551
0.5747103691101074
-1.8731670379638672
-1.8198374509811401
-0.85013747215271
-1.1764973402023315
-0.8508232235908508
-0.5027883648872375
-1.3354640007019043
0.42246103286743164
0.47688108682632446
-1.0888187885284424
-1.3718621730804443
-0.7702311873435974
-1.4077240228652954
0.7188239097595215
-2.4852147102355957
1.0157865285873413
0.5667984485626221
-0.9523528814315796
-1.4548367261886597
-1.952734112739563
-1.687155842781067
-2.1388943195343018
0.2101249247789383
-1.1872121095657349
0.0693751648068428
4.720792293548584
0.6713253259658813
3.7416083812713623
-0.812696635723114
0.8277644515037537
2.0859405994415283
-0.5942510366439819
-1.3611202239990234
-0.24237160384655
-0.4920160472393036
-0.2995074987411499
-0.14408981800079346
-0.6513162851333618
-0.7450631260871887
0.8015535473823547
0.3459676206111908
-0.4786383807659149
-2.3540916442871094
-0.13424944877624512
-0.7649526000022888
-1.5000584125518799
-1.941568374633789
-2.0056917667388916
-0.5240657925605774
-0.04788057506084442
-0.13361860811710358
0.7450711131095886
-1.0587995052337646
-0.20186322927474976
-1.3517489433288574
-1.6796691417694092
-1.1687300205230713
-1.406184196472168
-1.832181453704834
1.2141644954681396
1.217649221420288
-0.32260188460350037
-1.9759398698806763
-2.318997621536255
-0.893547773361206
-2.0367660522460938
0.5655675530433655
-0.3451524078845978
0.09809213131666183
0.25567883253097534
0.16873393952846527
-0.044919203966856
1.4030258655548096
0.024483956396579742
-0.5329023599624634
-0.05435915291309357
-0.15069249272346497
-0.24728216230869293
0.98133784532547
0.5575485825538635
-0.08474481850862503
0.22519069910049438
0.24036748707294464
-1.0388457775115967
-1.7113354206085205
-0.6730058193206787
-1.6728967428207397
2.5837221145629883
3.1538584232330322
1.250169277191162
1.314568042755127
4.774791717529297
2.2493159770965576
2.726457357406616
1.5221917629241943
3.4825098514556885
-0.04584275186061859
-0.21609431505203247
0.7711208462715149
-1.0967724323272705
-0.043592143803834915
-1.3489809036254883
0.08058822154998779
0.946847140789032
0.5482705235481262
1.0199366807937622
-1.5853416919708252
0.3294652998447418
0.7780652642250061
-1.6223777532577515
-0.2672424018383026
-0.15444175899028778
-1.3150925636291504
0.2696276605129242
0.3580523729324341
0.45287615060806274
1.2740119695663452
0.5249521136283875
-0.5083785653114319
0.7340476512908936
-0.7335926294326782
-1.1863394975662231
-0.7972496151924133
-2.1278810501098633
-0.8245149850845337
-0.7399582266807556
-0.6867800951004028
0.46003103256225586
-0.8807896971702576
-0.7962936162948608
-0.7879061102867126
-0.4845660924911499
-1.7811073064804077
0.12627285718917847
0.30367720127105713
0.8556219935417175
-0.35466164350509644
-1.2577201128005981
1.0539897680282593
0.9035442471504211
-0.4284205436706543
-0.6863287091255188
-1.1270363330841064
0.31176117062568665
0.8741114139556885
-0.6085871458053589
-1.4723601341247559
-0.40034225583076477
-1.750885009765625
-1.3512781858444214
0.2502247095108032
-0.4817267656326294
-0.8459154367446899
0.5720620155334473
0.2920178472995758
0.27218687534332275
-0.4787571430206299
0.6226356029510498
-0.3175188899040222
0.1645604372024536
-0.6853852272033691
-0.5173630714416504
-0.7382722496986389
0.6801064014434814
1.0988805294036865
-0.6603228449821472
-0.1906995326280594
0.6966395378112793
4.517484188079834
0.4722948670387268
-0.3650684654712677
0.11826632916927338
-1.9173251390457153
-0.7031821012496948
1.2812589406967163
0.20529338717460632
0.24699556827545166
0.9802455306053162
-1.6880892515182495
-0.5197966694831848
-0.9492414593696594
-0.4903838038444519
-1.729185938835144
-0.8642945885658264
0.23534543812274933
-0.2910785675048828
1.0150434970855713
0.22549356520175934
-0.9598590135574341
-2.2653229236602783
-0.10882548242807388
-0.33179473876953125
-0.2478853315114975
-0.3707195818424225
-0.35496821999549866
0.0012738800141960382
0.20366959273815155
-0.8165690898895264
-1.1256705522537231
-0.9069744348526001
-0.49814194440841675
-1.5964032411575317
1.146161675453186
-0.4635970890522003
1.9083908796310425
-1.3753615617752075
0.38836273550987244
-0.46233654022216797
-0.472856730222702
0.5230067372322083
0.9655295014381409
0.43974295258522034
0.20067976415157318
-0.4167705476284027
0.8839293718338013
-0.3145812749862671
-0.2228258103132248
0.5120688676834106
0.13459046185016632
-0.7762960195541382
-1.1132986545562744
0.22419419884681702
-0.412810355424881
0.053939588367938995
-0.024298254400491714
-0.2413707673549652
-1.210762619972229
1.084343671798706
0.4558974504470825
-0.4539528489112854
0.3558344542980194
-0.8860414624214172
0.17432434856891632
0.041092000901699066
-0.23104333877563477
-2.6353259086608887
-0.47383278608322144
-0.4412063658237457
-0.6785963177680969
-0.24005764722824097
1.6041384935379028
-1.2944661378860474
0.9278684258460999
-0.7592185735702515
0.9188308715820312
-0.3569657802581787
-1.2019459009170532
-0.2295548915863037
-0.3872712254524231
-2.1297767162323
0.7246345281600952
-0.2345922291278839
-0.6130596399307251
-0.1066097691655159
3.386521816253662
2.758510112762451
0.689628005027771
-0.7262851595878601
-1.760034441947937
-1.3229986429214478
0.9984970092773438
0.9771938920021057
0.28608644008636475
-0.9099857211112976
-1.5730102062225342
0.6824618577957153
-0.9820981621742249
0.13037480413913727
-0.6375033259391785
-0.4982403814792633
-0.25192317366600037
-2.3466384410858154
-0.5666171908378601
-0.786075234413147
-0.6000627875328064
-0.9592074155807495
-0.29002389311790466
-0.7608535289764404
0.08017662912607193
-0.9318034052848816
0.8960004448890686
0.3254123032093048
-0.5885509252548218
-1.149466872215271
0.20966798067092896
-0.10027199983596802
-0.04824616760015488
-0.5984880328178406
0.17539173364639282
0.6725745797157288
1.3888561725616455
-0.7013335227966309
-0.5516284704208374
-1.6468530893325806
-0.17523860931396484
-0.5698365569114685
-0.7408643364906311
1.3801082372665405
0.8429277539253235
-1.4837099313735962
1.8231818675994873
-1.567930817604065
0.5029639601707458
0.6424095630645752
-1.166210412979126
2.6205923557281494
-0.6921659111976624
0.14127866923809052
-0.6469139456748962
0.2856649160385132
-0.9855631589889526
0.41289573907852173
-2.1937777996063232
-1.521681785583496
1.4612486362457275
-0.09335606545209885
0.7100354433059692
1.5212041139602661
0.9275587201118469
-2.076537847518921
0.7339939475059509
0.9119630455970764
0.31145334243774414
-0.5556379556655884
2.9635632038116455
0.46869543194770813
-0.9672836065292358
-0.5488221645355225
-1.9259108304977417
-0.5222962498664856
0.6995697021484375
-0.6072148084640503
-0.44386500120162964
-0.8360835313796997
-0.6729868054389954
-0.42176350951194763
0.24649393558502197
-0.5527969598770142
-1.1542079448699951
0.6999696493148804
-1.2644672393798828
-0.19137337803840637
5.715084552764893
-1.3521372079849243
-0.34564948081970215
-0.5062618851661682
-0.4046284258365631
-0.48961085081100464
0.1319291889667511
-0.09742053598165512
-0.48491084575653076
-0.3383018374443054
-0.7515128254890442
-1.8962531089782715
-0.6991262435913086
2.1739742755889893
0.8712987899780273
-0.315285325050354
-0.6895517110824585
-0.17008161544799805
-0.5502628087997437
-0.44255781173706055
0.10574700683355331
-0.09641086310148239
1.8949779272079468
-0.3813753128051758
0.600395679473877
-0.5299249887466431
0.10990367829799652
-0.026468222960829735
-0.1896500587463379
0.6178892850875854
-0.17619366943836212
-0.1748834252357483
-1.0167253017425537
-0.10074006766080856
-0.44126012921333313
-1.0904730558395386
0.5569972395896912
0.22246456146240234
0.16647003591060638
-0.9640174508094788
0.15968431532382965
-0.6366817355155945
-0.5998494029045105
-0.5274509191513062
0.4566890597343445
-1.3562538623809814
0.9743937849998474
-1.3519933223724365
1.8882689476013184
-0.6275554895401001
-1.3607656955718994
-2.490854501724243
0.9024356007575989
-0.8157193660736084
-0.3114854693412781
0.015036532655358315
0.7249113917350769
-0.38120123744010925
1.7821044921875
-0.6750625371932983
-0.5490727424621582
-0.7234354019165039
-0.41093823313713074
-1.599507212638855
0.846520721912384
0.02404339611530304
-0.3655219078063965
-0.0770588219165802
-0.23740032315254211
0.11679031699895859
-0.7561509609222412
-0.021777795627713203
0.051845502108335495
-0.24893194437026978
-0.2156500667333603
1.0584182739257812
1.9620507955551147
0.05882030725479126
-0.14078964293003082
0.9069557785987854
-1.481917142868042
0.31929460167884827
-0.8868165016174316
-0.9954489469528198
0.919983983039856
-0.1278812438249588
-0.9796351790428162
0.18815283477306366
-1.05915105342865
0.9547627568244934
0.23391814529895782
-0.23511625826358795
0.30534544587135315
0.10860419273376465
0.5072131156921387
0.4366278052330017
-0.6861063838005066
-0.2824483811855316
-0.130262553691864
0.24757806956768036
1.7677905559539795
1.0924404859542847
-2.963019847869873
-1.06005859375
-1.0101864337921143
3.898597002029419
-0.4019698202610016
0.5449705123901367
-0.9375588297843933
0.3548012673854828
-0.3816225826740265
-1.233971118927002
-0.5067266225814819
0.07423325628042221
-0.9454024434089661
0.2574005722999573
0.11241133511066437
0.8133758306503296
1.0130146741867065
0.5410610437393188
1.1759779453277588
0.5028426051139832
-0.048815883696079254
0.12447956204414368
-1.3488768339157104
-0.8990486860275269
0.7923521995544434
0.1822688728570938
-1.576069951057434
-0.6251201629638672
-0.9614101052284241
0.377839595079422
-0.03141477704048157
-0.4039704501628876
-0.4689401090145111
-1.1260228157043457
0.10496201366186142
0.06994548439979553
-0.1383356899023056
-0.936289370059967
0.6628802418708801
-1.5526204109191895
0.535203754901886
-0.6546022891998291
-1.1708773374557495
0.6985615491867065
-0.6729878187179565
-0.1392958164215088
0.3461342453956604
-1.052581787109375
0.9610245227813721
-2.6329331398010254
-0.7801771759986877
-0.49152663350105286
-1.8377498388290405
-0.3288939893245697
-0.03445173427462578
0.808026134967804
-2.122100591659546
-1.1034985780715942
-1.393754005432129
-1.234050989151001
-1.018241286277771
-0.8990592360496521
-1.2846457958221436
1.0602518320083618
0.40844523906707764
-0.45735713839530945
2.4528234004974365
-0.04436122998595238
-0.9361972808837891
-0.4353988766670227
-1.1010264158248901
0.5792812705039978
2.4778382778167725
0.6021229028701782
-0.264365553855896
-1.116420030593872
-1.36526620388031
-0.4659244418144226
-0.6066852807998657
-0.38741862773895264
-0.3449549078941345
3.150918960571289
0.3113919794559479
-0.09587038308382034
0.14874917268753052
-0.2221319079399109
-1.5694047212600708
-0.3405197858810425
-0.19348658621311188
-0.6018691062927246
-1.9633830785751343
-1.5081101655960083
-0.33435845375061035
0.2329639345407486
-0.4287656247615814
-1.288282036781311
0.9850907325744629
0.019965868443250656
0.5326603651046753
0.7814337611198425
0.5549580454826355
-0.04449789598584175
-0.08522764593362808
0.7841307520866394
-1.773045539855957
-0.3127080798149109
-0.8107503652572632
-1.073931336402893
0.41891205310821533
-0.21271242201328278
-1.1640820503234863
-0.45864975452423096
-1.3848389387130737
-0.3513091206550598
-0.43465620279312134
-0.19638366997241974
5.8531575202941895
-1.4529234170913696
-0.23520007729530334
-0.9249377846717834
-0.10922520607709885
-0.6584800481796265
2.1263933181762695
-1.122063159942627
-0.28259506821632385
-0.6728473901748657
-0.6384943127632141
0.246128112077713
0.4361908733844757
-0.8479844927787781
0.3511633574962616
-0.3863014578819275
0.07061547040939331
-0.1498211920261383
-0.22395001351833344
-0.21752358973026276
-0.42678967118263245
0.9938797354698181
0.7173804044723511
-0.278534471988678
0.13043470680713654
-0.420589417219162
-0.780921220779419
0.9824248552322388
-0.3669310510158539
-0.3179587125778198
-0.6525799632072449
-0.31042852997779846
-0.30994752049446106
0.050461895763874054
0.3834405541419983
0.7150298953056335
-0.4699401259422302
-0.3871435523033142
-0.24851033091545105
-1.1274514198303223
0.08475285768508911
-0.5169851779937744
0.13002964854240417
-0.9572510123252869
0.34278008341789246
0.578296422958374
0.44605565071105957
1.6957964897155762
1.7938750982284546
-0.31649085879325867
-0.7584661841392517
-1.8211129903793335
-1.0572819709777832
-0.17701520025730133
-0.604729413986206
0.5684553980827332
0.667704164981842
0.15379665791988373
0.43243804574012756
0.6518774032592773
0.8498860597610474
-0.143160879611969
-1.3028286695480347
1.210773229598999
0.1764368861913681
0.7006359100341797
0.3862599730491638
1.1233738660812378
1.1758465766906738
0.8486425876617432
2.283191442489624
0.2535535991191864
1.4435433149337769
-0.6597957015037537
-1.4644137620925903
0.7024292945861816
0.8962596654891968
-0.5990591645240784
-1.5167845487594604
0.12769247591495514
1.8666391372680664
-0.09450607746839523
-1.9658468961715698
1.644810676574707
-2.327410936355591
2.1286861896514893
0.0894162505865097
0.8347063660621643
2.811180353164673
1.015964150428772
-0.17913761734962463
0.851364254951477
1.9578603506088257
-1.572350025177002
-1.5167291164398193
-1.4527819156646729
-1.6982555389404297
-1.8110865354537964
0.8256216049194336
0.6225917935371399
-0.526578962802887
0.7660877704620361
2.003957986831665
0.3265620470046997
0.46909299492836
3.236015796661377
1.5757553577423096
0.6678722500801086
-0.49729859828948975
1.1015143394470215
0.1283644288778305
2.4540977478027344
-0.1288405805826187
0.9983582496643066
-0.18368664383888245
0.442467600107193
0.988887369632721
-0.3798992931842804
3.0623133182525635
-0.16484379768371582
-0.5468173027038574
-0.3189869821071625
-1.7664971351623535
3.525653600692749
0.3014845550060272
2.2975988388061523
0.14545485377311707
0.30821236968040466
0.22978262603282928
1.5399073362350464
-0.8879356384277344
-1.6622403860092163
-1.0996705293655396
0.30953922867774963
1.0532658100128174
-2.286550998687744
2.2631466388702393
-0.27745434641838074
